# Created by Octave 4.0.0, Sun Jan 10 21:44:58 2016 CET <ddefar@doriss-MacBook-Pro.local>
# name: x
# type: diagonal matrix
# rows: 6
# columns: 6
1
1
1
1
1
1


